time
9.208666563034058
